1 0.460512 0.554102 0.086442 0.085417
1 0.801497 0.565482 0.113126 0.085417
1 0.883671 0.570234 0.125937 0.091120
1 0.847917 0.493353 0.092848 0.051263
1 0.795092 0.846419 0.179290 0.176536
1 0.334048 0.310078 0.049092 0.019167
1 0.377269 0.309225 0.041625 0.020872
1 0.414619 0.313971 0.048023 0.011380
1 0.455179 0.316816 0.043755 0.013294
1 0.491999 0.314922 0.046955 0.020885
1 0.529883 0.321569 0.041625 0.026576
1 0.573638 0.320612 0.039488 0.017083
1 0.611526 0.320618 0.034151 0.024674
1 0.651014 0.318711 0.032013 0.017083
1 0.687833 0.321563 0.028814 0.022786
1 0.728389 0.317767 0.033089 0.018971
1 0.806296 0.320612 0.030952 0.017083
1 0.848455 0.320612 0.032020 0.020885
1 0.390077 0.302585 0.043755 0.011393
1 0.425827 0.302578 0.029883 0.015182
1 0.461578 0.300684 0.024546 0.011393
1 0.498931 0.299727 0.039488 0.017083
1 0.537888 0.305423 0.032013 0.028477
1 0.576845 0.301628 0.039488 0.017083
1 0.613126 0.302578 0.030952 0.030365
1 0.647277 0.299733 0.030952 0.024674
1 0.682496 0.301628 0.030952 0.020885
1 0.720388 0.308275 0.038419 0.018971
1 0.794023 0.305430 0.044824 0.013281
1 0.831380 0.296888 0.025615 0.018984
1 0.360728 0.949316 0.125937 0.101367
1 0.242266 0.389896 0.072570 0.034167
1 0.345732 0.395592 0.072679 0.030378
1 0.457310 0.390853 0.056567 0.024674
1 0.553843 0.482917 0.070542 0.037969
1 0.673960 0.396543 0.052299 0.028477
1 0.785487 0.395592 0.053360 0.049362
1 0.899147 0.403190 0.058704 0.015182
1 0.945571 0.395592 0.070439 0.041758
1 0.959978 0.325365 0.048023 0.018984
1 0.935966 0.310176 0.010673 0.007591
1 0.745999 0.264616 0.034151 0.022773
1 0.759286 0.286445 0.035322 0.020885
1 0.789700 0.279798 0.034261 0.011393
1 0.779619 0.264616 0.030952 0.018971
1 0.391676 0.269362 0.032020 0.032266
1 0.424711 0.270313 0.017182 0.034167
1 0.453576 0.276009 0.025615 0.026576
1 0.462116 0.257018 0.019209 0.018984
1 0.483993 0.277904 0.030944 0.015182
1 0.490930 0.260820 0.027745 0.015182
1 0.513873 0.277904 0.028814 0.018984
1 0.547496 0.285495 0.029883 0.015182
1 0.519213 0.250378 0.024546 0.020885
1 0.549096 0.267467 0.033082 0.009492
1 0.576255 0.264616 0.034253 0.007591
1 0.613664 0.281699 0.025615 0.022773
1 0.578441 0.287396 0.029883 0.011380
1 0.346321 0.365221 0.045893 0.037969
1 0.471720 0.361426 0.042694 0.034180
0 0.172895 0.925202 0.172892 0.125273
0 0.057632 0.742018 0.087518 0.214505
0 0.143009 0.736328 0.149414 0.218307
0 0.251336 0.762904 0.135542 0.214505
0 0.386874 0.751510 0.131274 0.225885
0 0.515476 0.751517 0.123807 0.256263
0 0.659553 0.782839 0.121669 0.159453
0 0.902884 0.787578 0.130205 0.187917
0 0.975988 0.705007 0.045886 0.178424
0 0.496266 0.936973 0.128067 0.126055
0 0.674495 0.928997 0.160088 0.117682
0 0.067771 0.485762 0.077914 0.127174
0 0.142474 0.496198 0.077906 0.140469
0 0.220919 0.493353 0.087518 0.130977
0 0.296695 0.513288 0.074707 0.151862
0 0.376735 0.489557 0.091786 0.165156
0 0.474868 0.462982 0.051332 0.089219
0 0.417291 0.436406 0.061903 0.081615
0 0.539491 0.514232 0.062965 0.123385
0 0.631270 0.527520 0.052291 0.074023
0 0.625403 0.453490 0.051230 0.093021
0 0.711845 0.511387 0.070439 0.117695
0 0.766277 0.466784 0.066171 0.089219
0 0.915688 0.457285 0.070439 0.108190
0 0.962116 0.525618 0.075769 0.115794
0 0.969052 0.439251 0.057635 0.113893
0 0.908217 0.320612 0.081105 0.108203
0 0.839381 0.361426 0.065102 0.083529
0 0.771080 0.339596 0.045893 0.062630
0 0.732661 0.377559 0.045893 0.077826
0 0.617398 0.374714 0.048031 0.068333
0 0.562434 0.369017 0.046962 0.079727
0 0.510088 0.367116 0.040659 0.060742
0 0.406618 0.370918 0.061903 0.068346
0 0.298829 0.369967 0.049092 0.066445
0 0.425296 0.334850 0.033082 0.045560
0 0.194773 0.377559 0.058697 0.062643
0 0.242796 0.328203 0.058697 0.055052
0 0.066168 0.300684 0.036288 0.045560
